3171
6913
2295
12799
12827
10119
12998
13506
7237
2351
2259
12194
12549
6613
5123
12097
3325
10645
621
9652
10958
5579
12320
10732
8490
11686
3390
13564
12999
11038
4
416
415
417
7978
4006
2678
5777
5435
7737
419
11131
386
8168
1359
3671
2708
1519
5822
10696
7361
3261
5527
6448
2745
5452
4728
8625
5990
2990
9921
4258
9266
10351
9233
11031
4501
12008
12114
13606
6759
3657
906
7911
11439
11275
9946
10776
10953
8007
3426
13556
6491
10247
3587
6560
9426
2061
12323
9687
7991
4559
8587
12394
5402
6648
10176
7166
9954
6073
11076
8176
11893
7568
9760
10793
10341
2811
5398
10650
10439
10254
6586
8177
10388
2501
7068
5797
2663
9972
2014
5923
7651
601
2251
2120
2355
4586
9829
3068
4024
4509
4804
12814
6933
5487
8648
1216
2993
11176
1309
2570
1304
7538
2268
3055
9121
5839
4616
3368
3049
11315
11850
13413
5380
9825
13260
3428
6573
11581
9061
3821
13548
12936
2431
11927
10553
3062
12462
10073
7847
2148
2717
2564
10597
11792
5531
10402
10469
10790
11800
11511
10922
7117
1028
1027
1029
6422
8634
434
10873
7351
9232
12997
9135
12463
4150
12806
3008
9869
12380
8730
7026
5084
9263
13055
10344
11396
2627
4403
6974
5760
11741
10540
6831
5258
3622
3271
4213
4201
2177
2059
9952
3116
12010
3731
11363
1226
6473
4102
3686
9762
11668
5108
1731
499
10457
7692
6841
9914
3499
1618
5660
9532
12438
3264
3016
6548
7397
3777
5667
8851
900
11293
9596
1614
2311
3230
4147
12461
3724
2325
3962
13268
7712
6748
1803
11547
7198
6187
4689
6723
5354
2312
103
3877
2550
3719
1578
8199
3265
2737
6834
7161
4691
7838
4915
4736
9283
4683
2869
7138
10731
9525
835
8454
2013
4085
2631
10349
9014
6907
6710
10011
8167
8985
12439
12732
8612
8613
661
2504
1506
2594
6065
12493
2423
4055
7630
8742
7460
12405
13399
10213
13510
12115
7459
9003
2353
11004
12458
10604
12469
8077
3235
12420
5860
9215
10610
12460
6868
12804
11848
7136
12616
5952
11706
7945
12083
9763
4916
6044
9153
9678
9331
12362
3172
12825
10368
2337
5761
11670
13243
2049
7853
5724
10081
4038
12390
10400
8579
2443
10653
12908
10226
4099
11745
10157
201
3757
8238
9047
9048
500
7687
9389
9204
9205
9203
11231
6989
4810
11250
11246
9330
6043
8621
10008
7165
8412
691
692
693
623
10942
1001
5725
3056
2457
7784
9383
1231
4946
8680
7736
5181
6266
7826
2597
10665
10890
11100
12562
7336
620
1562
5673
5091
11866
8661
10480
2462
2357
344
2242
4133
2824
10629
9940
7390
9475
11778
10199
2421
5245
7942
5276
3774
8380
2388
5112
1511
6121
1921
1512
8057
2604
11714
5823
12869
11461
9514
8226
10941
9190
8940
12694
105
7216
4169
3895
5726
891
4518
2142
2812
3069
5693
4253
9148
8032
4866
7603
7444
6314
7011
622
7899
7915
7856
2213
4480
5392
10594
3433
7710
11028
10988
6882
4222
11621
7074
10453
13538
13163
4110
811
2326
253
3101
5119
2248
5035
12459
5330
7629
5421
9693
9064
3406
1372
660
13004
10181
2938
12408
9929
1840
10294
2763
1327
9948
8901
7552
3713
5911
3241
11659
11590
3080
2552
8403
273
13099
9123
9985
6278
6337
3593
8623
3973
8146
8275
8232
10656
5933
2706
12426
9786
9981
8657
4545
10651
12211
11481
8136
2875
1597
8529
3388
7467
10919
3060
7904
8218
7100
12521
11514
3384
11513
2335
6839
1374
7162
5602
597
1480
11416
4950
5055
9070
116
10228
6675
6734
6714
5243
12845
2284
3484
5955
2458
5023
8482
5422
4953
1199
10324
7332
4238
6128
5348
3523
10385
8616
3934
11212
1689
1264
4939
5958
12357
13367
13536
12756
10311
4404
1297
1258
9189
3950
11892
10152
11825
8636
11974
5231
9416
5845
946
947
9949
5737
8624
11705
11680
3738
11133
5126
3627
8726
10239
8980
6253
4790
2872
8983
164
2958
7252
2420
128
1478
2156
979
10655
4040
939
6693
814
3427
812
2484
2674
2200
10964
2747
2860
2991
12041
3874
815
813
6069
3906
8879
2886
37
9675
5086
11316
10747
7502
12423
10673
11122
5545
1815
10582
9650
10580
3765
12701
9461
8463
3446
9581
3372
8849
2703
3
1197
1198
3150
5499
2551
3314
9707
6120
10327
11167
9523
3682
8494
3503
2933
3516
6496
2414
4892
633
6885
8946
11477
5915
2405
1099
1098
6630
11044
6064
8465
3430
7340
8132
6435
1810
5959
12294
3909
6377
10968
6490
349
8622
6482
9462
6479
9293
3374
50
49
12879
4268
3904
9944
5815
2459
10634
5523
12707
4436
120
8382
1319
5104
13384
362
8913
11530
994
4395
2602
1030
2293
7917
6364
3540
9960
7550
13034
10718
6186
11107
12480
9696
5920
7197
12653
10946
12813
11019
10495
6414
10947
12416
12669
8438
11786
7823
6621
12624
12640
13497
8763
8774
8420
8892
7517
3480
2744
9269
4726
5016
260
2760
207
8431
3830
4045
3857
10146
261
1358
5924
6135
152
883
44
9144
6080
3847
4384
122
9388
38
302
6301
6960
10576
5022
6813
3608
3675
5153
5460
5556
11431
3234
953
3794
12532
7580
9959
11194
5905
11758
1180
1179
3286
7762
2322
259
2202
1490
5945
1742
4472
112
1418
114
1967
7854
2447
13387
1483
8500
3048
10113
8944
12237
4847
1591
449
10079
2317
7563
2889
11208
5557
5379
3403
2792
3760
10828
5065
2254
9168
6581
12252
4525
97
2201
501
6817
1339
1340
113
3135
1709
1477
2281
739
2718
4137
5883
6810
4151
5256
4143
8966
4335
3630
1112
11234
4504
9273
2513
8598
3968
1412
11577
1588
6978
1587
10744
2347
5158
3045
101
525
3763
11095
8810
5209
3544
11949
8916
13213
9643
4880
1305
2999
7305
45
60
3550
7033
2783
3537
2753
3853
6063
5812
1780
11233
8236
8769
5378
3367
4990
4731
5939
7855
746
6118
696
11752
11798
2111
9417
4075
3661
7067
1248
12379
2957
8033
6441
1698
778
800
6124
12796
10293
1344
1487
4848
1486
8037
2828
2084
2107
7331
10875
8736
976
975
2662
530
3024
841
2941
12900
8143
10644
545
3113
3923
3136
11739
11526
396
395
850
12552
11572
8386
11285
11237
6561
9577
3071
9345
5239
9572
1439
6167
12871
5349
2365
10037
8971
11074
12215
9629
11211
3625
3495
9311
12344
12649
3467
8970
5956
8739
6298
9751
11882
12181
13317
8876
6020
8083
4864
3031
5470
10392
6729
5630
6824
2787
371
5283
2153
4221
1535
10295
4439
248
12074
8618
10707
7592
7079
3203
4035
2838
3380
3442
11516
10544
7751
10280
12285
1897
2634
4885
9493
307
7952
10069
249
7787
8874
8059
1575
9217
9591
1579
5740
4754
7703
13375
1576
6526
4034
285
282
284
283
2498
1652
11855
2514
2640
3596
12174
6502
9754
12963
8902
3528
1513
1157
110
3324
2036
264
11716
109
265
569
266
8779
11244
7834
2585
4666
8655
12944
698
1848
9840
5620
7807
5754
9381
477
8473
10220
11599
6537
5517
312
6728
4135
2607
2400
1113
5694
3106
3981
2216
1867
11960
6012
553
2658
5269
4093
10573
9327
4163
11875
9602
12176
6732
3402
9901
5875
11605
11858
10642
6361
8701
4515
6339
10662
7258
6092
11043
10920
5387
2455
3797
9010
10272
5640
5434
7769
5447
9442
10468
10786
10364
3266
1399
13028
5098
582
583
76
313
2303
85
174
1571
627
4590
577
4556
5672
138
1616
2492
4516
8758
827
11471
6248
5179
3767
5223
7557
6987
1572
11106
9834
9126
7259
8999
10423
4061
3328
3633
2742
4076
11992
9147
4711
11164
13616
12587
9666
1628
6948
1821
6436
719
838
1129
1130
1132
1131
11916
684
793
794
7108
570
1702
792
11460
682
1586
2529
643
2162
780
1674
4449
9296
491
492
11835
2298
7760
1607
11313
1106
1104
1105
444
764
763
1938
2193
604
681
1644
5341
435
683
9142
7631
3420
7428
7415
10960
644
1017
689
1695
1696
779
839
8856
781
1103
1102
2246
9396
787
10461
4980
11699
4870
1924
573
3702
1789
1771
1037
6102
1926
2605
1757
6210
2385
1859
5196
6996
7546
6653
11760
4292
5498
6204
581
3640
8150
5795
9188
5472
10166
790
11341
11046
11807
9378
11306
7956
11545
1315
7167
3161
3642
10966
4084
11326
11325
11733
11319
10710
7857
8436
5465
75
2491
1414
8210
7585
4928
576
8262
7140
175
149
148
1484
2373
1342
1617
84
826
8339
167
1049
9390
923
10722
559
4749
4390
5295
10128
524
6489
6054
11975
579
8968
5314
6157
6282
2755
4164
7864
5267
7306
2984
1244
560
2160
2473
3111
10371
2893
10658
12103
10279
7590
5979
8677
4008
426
6346
9757
7765
7701
12086
9978
9179
6201
8868
237
8223
1424
8224
236
10587
9234
7973
5187
9817
5932
6624
5357
7094
5819
12489
8480
8738
2358
2329
2415
4067
5218
10186
7402
7085
10839
12657
3461
5988
9997
4901
12832
8964
9502
13188
8342
4374
4021
11338
13487
10075
544
11509
837
11926
12279
11872
3354
10074
4066
987
6718
1596
11470
1050
359
6673
6244
8787
8193
4692
6936
7922
11291
10740
8831
5010
2836
9202
7931
4131
7944
932
2093
10755
8294
9918
10775
2639
3357
3804
4819
6646
3901
7219
10510
12275
4247
11899
12399
1004
11535
11499
4506
4872
7457
5574
6538
4991
6984
3793
6793
10360
5969
5473
11188
10465
7950
12893
9080
7515
9649
11799
6308
11492
10684
6782
7282
8244
11576
11360
422
421
9392
11655
11964
11849
420
12889
423
11754
8870
9107
9597
10788
8514
12877
1693
9350
10648
13353
12719
12918
12635
12787
7398
10614
2859
565
4856
7039
4605
4965
816
6486
817
2079
10952
5087
1823
2719
4230
6059
13119
1048
1396
7272
11603
10374
13052
5759
3346
547
13530
546
7126
7127
8397
4675
7452
6238
1620
11783
11040
244
9657
351
7518
7479
5733
8452
8845
9579
12209
5734
4623
6123
4652
10472
11652
5654
4277
8772
4539
6701
8800
6785
9129
5655
671
9272
797
3220
561
3411
563
7865
8410
486
3410
2770
8881
6079
12138
4934
3299
4077
11694
5788
1394
7948
2090
5507
3577
4719
6949
4199
9011
2218
8358
3565
1168
78
5721
24
3536
5953
4585
9119
784
9210
2854
3972
2878
8645
6194
11297
4193
9351
2629
8992
11616
9544
7173
5801
9983
2939
5532
6749
9137
12190
8170
2803
12286
5904
586
28
29
1504
4420
9036
4379
7180
10763
9727
11727
9904
3643
11968
4703
7443
10641
5993
6954
7413
1143
4695
2535
3787
7098
2637
10288
7756
5468
7327
12360
517
1003
11136
6315
10526
7932
9280
4629
10173
8696
10296
7526
7235
7189
9976
5093
8906
9669
3485
10125
11730
13256
11333
11417
11163
11565
1362
1363
13370
11657
11796
11387
9566
3339
481
480
10047
10355
10878
10714
11282
11307
11427
11403
11721
11034
11343
8040
11784
11463
11702
12757
720
12266
12151
9399
8008
1999
7734
10513
6379
9060
3510
3922
2180
2008
6977
2260
10664
3127
2121
2009
4212
1485
2320
4175
2102
2560
7537
11527
13156
8446
12524
12523
10448
11242
13154
4346
6477
3283
8927
10245
11912
10105
8012
12163
10390
12586
6888
13327
13153
6178
9473
9810
6231
1783
6454
3946
5608
9347
12175
12324
13152
9882
11601
12170
13451
10515
10257
9603
11376
5456
3825
2756
8211
11821
844
843
9310
9397
2793
3401
9313
5336
3348
2620
4044
12116
11287
11304
7273
5475
7220
107
8219
8883
4306
4337
4205
1176
1473
3789
4919
9456
6530
9018
4442
514
2541
11642
3953
3818
432
433
1712
9470
5405
13475
11834
1325
1280
245
1154
4822
4993
3766
10612
8651
1814
5471
11089
12046
4976
8770
2707
8974
1532
7239
5293
5326
5361
13424
10514
9237
7671
4287
8610
3515
1459
1460
734
732
755
756
11116
7348
13608
768
10581
9246
11433
1537
12171
3152
2288
9439
6945
8733
144
145
1725
2539
11541
8006
2348
8615
13273
8776
13274
6076
11410
3117
1349
3756
7858
10538
5001
5003
1593
3386
13332
1913
585
8537
5793
8413
11563
8724
6577
1529
10902
6715
437
438
5941
1324
4047
9323
2704
11549
13230
11503
9771
6383
11392
2709
10785
11938
2466
11491
172
2081
12212
11456
7719
6736
1546
6854
4366
7878
11175
202
2124
306
1148
1147
1056
1055
1146
1058
4989
7374
7957
7828
397
398
687
2444
1201
5433
2782
7832
4125
393
6052
7861
6171
2438
1377
1526
2683
1378
1202
1615
5168
394
6852
5794
6554
4418
6795
4548
4364
1178
1177
6192
11811
262
8807
10273
10491
4368
1809
8078
11625
11480
9708
13393
11411
1183
8031
13083
11110
12470
13233
10640
13212
13395
11192
1185
8360
5998
9677
11081
8990
10979
6553
10830
13222
5062
10107
13226
12615
13467
13326
9160
1387
7181
5439
10153
1443
496
2534
4409
993
2565
6976
11677
2520
2506
7124
1804
1691
1521
3029
9370
580
4857
10800
4116
5928
10969
8982
1806
2407
9228
4018
4232
3351
2244
12037
3338
3140
3583
2053
3409
254
8407
10609
1545
7365
1917
6533
6993
7573
13486
4920
2694
1153
1152
5359
10690
3903
9104
2738
9113
12277
5863
1121
134
1795
8239
9916
2214
5263
4350
9703
11138
3358
12239
3522
6271
926
3666
8602
2667
6230
2804
3551
3690
7612
12118
4026
3331
3115
2044
9673
6009
8512
6017
6807
1762
3256
12173
2519
7081
4124
4267
11998
10859
1673
2376
2377
11272
11560
12264
2408
13490
13491
9900
3200
3199
7242
5588
11172
9658
6182
4954
9162
13106
7627
7377
6417
5853
6764
7430
3948
8889
269
268
8894
6964
298
6612
11045
4307
12259
10487
4126
10523
8126
7387
4457
13355
12142
12018
10084
9326
3124
4956
8355
12019
12699
3547
8328
2089
3254
3032
8717
1619
6908
11785
12144
12284
4582
10312
3425
9538
9957
2807
1287
3355
5639
7875
1543
6737
1127
1128
5281
4086
6657
8080
11883
519
1259
7097
11490
4982
11096
8558
2274
4269
4224
6937
7578
9248
6966
2446
10256
10766
7609
9989
6779
2361
7191
12545
10369
10877
10848
9065
8574
6717
10888
5798
12134
11695
12984
3122
10121
2139
10122
4058
4080
12328
7567
9517
7301
6822
10203
8491
9827
8062
7170
9358
7029
2619
7176
5045
11806
8169
3728
5052
6768
11077
9933
12801
9208
12150
1850
4996
1651
5986
6284
3424
303
305
304
8233
9695
8752
8335
11674
1316
10756
5466
9750
4553
9804
2374
6767
662
1323
11555
5746
10923
8010
12453
8215
11220
13261
12892
8978
2019
11312
7109
7924
8091
10872
7028
3352
3900
10062
10683
12496
5583
11329
4875
4849
11879
6014
8217
10063
6013
3940
523
10819
1683
4397
9384
3052
11434
6205
8343
299
11473
9984
11856
11594
11869
9151
11345
7939
11552
12761
4936
1454
1623
3957
2805
7072
6418
3652
1336
4471
6791
9492
11174
10233
2070
12429
5143
2082
6528
2496
3195
10127
1659
4191
10136
6946
8895
9726
9292
3684
1962
14
5824
12591
3041
2521
8847
2275
8921
6862
2509
5289
1922
1944
3897
3011
1635
3043
2471
6846
4354
7366
5678
1494
7302
6606
1391
1930
187
117
118
3132
3743
3037
9701
12665
6038
7399
456
3247
4328
8245
7110
2800
3535
3038
6588
7290
4273
6711
8085
3795
8139
646
647
645
3595
5417
7066
9971
12235
4317
12947
11397
11296
11900
9288
11672
6172
1993
1851
3613
2558
3568
8035
2440
2547
2546
12096
10219
4171
5482
12222
1256
7729
11438
7231
1207
1246
10399
2417
19
18
2773
3292
2530
948
4646
3183
8094
4326
10024
7759
7562
3377
156
155
10419
3223
2411
11065
10216
2258
981
6700
4073
8547
10225
8548
10767
3711
2371
5080
4148
2340
8932
3896
2434
3350
2220
5765
1939
5680
6713
3120
6583
1083
1082
3619
505
10483
2618
8402
504
9231
4958
2994
4250
9320
7154
3392
7388
6587
13008
8017
1631
3017
2140
2132
2624
4074
516
1888
5356
7576
8688
1317
11518
6893
3252
5712
193
194
3362
8449
9747
4432
7831
7265
5704
1719
3443
3218
10052
8027
12646
9998
10626
4399
12555
4479
10551
10362
2151
59
57
7437
5685
8863
5205
1655
10493
8908
12075
1447
13334
10913
3176
9300
4233
11896
12525
13620
8973
5987
8662
11569
4832
9496
8848
12836
8501
10474
12255
11091
1279
1200
3651
10053
3726
7359
2596
2210
2612
11637
6894
11209
8853
1257
1384
1472
1403
7232
1206
1247
1508
11823
1267
10039
3737
8551
7042
3985
3746
2911
9526
1252
1253
11264
5369
7477
10716
9794
1009
1601
943
1626
3109
63
2301
2651
62
10314
1370
3892
1421
557
5350
2487
12566
4555
13557
10425
1135
10490
982
6329
8996
7788
4874
1862
11941
13524
9966
8703
9684
8695
587
163
1555
3508
10201
176
6501
3091
8384
6915
6914
6928
8804
7184
6352
12412
6514
10983
5703
8110
1496
556
2757
2450
10617
2665
11221
3645
7615
12923
11139
9404
6374
6384
5026
1656
610
1337
8605
5426
2117
1423
5901
1422
5146
5631
6197
4455
4940
6849
6049
5185
4583
6313
4227
11320
5191
4565
3960
8767
73
72
9520
12897
3036
10654
6061
10503
9216
9913
2166
1540
7937
11289
6227
7876
535
534
1229
1204
2921
1205
11593
6921
9012
7048
531
533
5903
13595
8180
234
9078
10970
7222
389
7523
13003
1255
4127
4200
10421
1982
7297
7271
10054
6470
3300
4706
5053
12195
13100
10708
4669
911
8563
912
5889
7829
8948
11032
3885
5120
12031
2851
133
239
9027
8011
5560
238
4293
235
6094
12716
12994
8483
5430
851
852
206
205
3563
4402
9639
4765
12106
2794
2622
2016
593
12204
8869
8475
8329
7848
9630
8293
4664
4663
6229
6239
12406
11113
7047
11340
8004
8066
10575
3852
11452
2092
2464
2669
2725
2740
7449
3496
3790
10060
4704
10177
6545
9262
591
2880
2829
11451
2982
1533
3057
5250
1718
1829
3395
11623
3646
562
11831
10078
5663
3691
1708
7640
2315
2262
3418
4234
9809
12531
11332
10595
9560
3222
5404
3400
5316
5530
13006
592
4577
1740
4015
12519
11608
4587
4923
7092
11025
10659
12232
11877
1298
10319
5215
8865
7419
11564
9995
1300
1275
13544
13599
9241
11253
1299
8641
11230
10306
6861
11249
7879
619
4922
1277
1276
1274
13289
7999
12728
1903
5762
1824
1770
6212
8557
1729
7343
4660
4054
4319
11881
11103
11957
8934
289
5431
9185
4104
1991
1115
4639
1426
12497
6267
12639
12632
6193
8252
2212
3649
4033
1046
728
2749
1832
1833
10527
10408
5611
962
753
754
1419
12709
13040
2511
9100
9337
5329
13540
8793
10713
13481
11709
2359
3437
4271
2810
13402
6137
11966
31
30
11056
8979
130
543
1238
1245
1774
11742
10058
9987
13127
10745
522
2518
3978
7234
424
7893
5188
7524
1458
1400
1534
3225
1221
5584
13085
9073
12764
10066
7560
4380
12607
9038
12104
6666
8711
864
10061
6272
1846
1875
2502
374
1818
7462
7743
9398
7602
2489
5688
7062
8096
4020
2179
9016
9761
2937
3559
9743
5598
11335
2485
4673
7483
8942
9316
3734
3655
11286
10994
5301
11361
7977
1020
2721
1331
7446
1239
1966
1954
1971
1959
1963
10840
1957
1937
2192
1997
9836
7254
8707
17
331
2898
3376
2167
403
402
406
405
9209
11650
11041
7469
11093
13250
13321
8658
11413
11629
8702
12807
6938
11415
11370
11534
709
708
119
5481
2261
3552
4022
10681
8632
11061
12256
12132
13010
13005
11990
10543
11337
9779
9691
11660
10217
7624
11157
8716
4416
10131
11894
10205
12650
13575
10043
10298
3920
247
1536
2199
10356
7816
3824
9253
11029
10111
10990
3899
1744
171
1527
2072
1594
10606
7187
7511
2980
13244
5868
12467
3947
10804
8586
9335
5411
10803
9823
8308
13257
8630
8081
4890
2155
9176
7739
9341
363
364
276
277
1000
999
412
2538
5619
8965
10496
7683
12225
3827
10382
6558
10274
11710
9557
7024
3701
8093
12677
8836
3098
2480
2368
6165
6604
8190
12527
6697
2060
8114
4220
10796
7463
10391
12196
11201
12143
11775
3474
4465
4994
12276
8567
11082
7993
11383
13474
4833
6152
1583
11921
759
10350
11920
1686
1681
6712
5857
3302
9510
12177
5028
5210
5027
4955
1433
4625
7453
1479
1653
724
11636
10991
2333
13012
4941
11867
10571
5304
6610
12013
6559
2039
381
382
379
12661
13420
11120
10087
8398
373
4323
11078
13464
7484
6631
9192
4389
9690
9116
94
9776
10012
8928
10200
4685
8561
12167
9454
4535
9663
13469
578
7354
12808
11064
9430
1714
1225
1224
8639
10880
1717
1685
1817
12014
1715
1386
1713
10908
12251
11985
5921
26
4712
1449
10554
1491
5128
5859
10974
9800
4787
1203
10418
4130
8050
11123
5167
27
1450
13345
5718
3289
2500
4187
7512
5130
7693
4325
5675
8240
11748
7593
9307
4091
287
4261
2439
5772
6333
905
12334
4400
6741
9788
12296
1051
2544
286
2843
4657
3291
7791
2932
1091
1090
9706
11007
667
5140
7634
7594
9112
12637
12454
9428
1289
13613
11206
9635
13609
12747
10077
10727
10331
11647
370
369
9339
3961
10277
7103
11747
9448
12027
9919
6168
8290
13037
13622
13294
7767
8152
12865
12809
11203
4891
4309
7699
9729
10281
11048
12733
1687
12898
3391
2171
2698
2339
13092
6887
7493
10646
9559
13181
4290
1648
493
1219
1870
16
1872
11827
10422
8466
293
292
10552
9322
11476
11097
10862
11550
7492
11902
10935
1162
8596
1163
3084
9043
11330
11687
3407
11258
11667
1634
3534
3799
1716
12139
8351
4341
9277
11665
8399
11666
11664
10395
5755
11749
6859
11653
13378
12119
10864
4984
11688
12268
6534
995
1808
8522
2995
2963
409
410
12442
7495
10333
4973
11542
10416
5478
6327
5477
9766
6022
549
9626
4867
11
11318
10
2899
9
8
195
196
1786
11058
5643
6397
9423
7041
1711
12180
12890
9515
3034
8832
3624
3683
5516
12033
12146
6155
5324
3493
572
11498
4912
2732
4911
5616
8408
11843
12931
8119
7918
8735
13473
13472
7424
3175
9924
5132
2230
12468
2277
2188
3436
12431
2983
4532
11344
7418
6569
10837
4396
11135
3815
6
7
5393
12724
11853
10674
6431
12391
12392
7139
11515
13359
9460
5983
880
2410
5996
9086
6358
10467
5995
7584
4966
11558
4210
3898
854
855
853
8813
281
11973
4581
4796
3277
13142
5966
884
8984
3844
11446
9343
7201
13602
11638
11925
7507
930
7744
1333
931
1230
929
1326
1329
1522
1557
1585
13623
3573
5728
3373
13022
7980
4134
8792
10167
5546
11314
7894
8163
4103
4236
8070
4773
48
2319
11066
2839
2318
2666
1383
1524
8356
9114
71
70
6783
6289
521
1507
8552
309
5061
8936
9742
2503
2837
1214
2555
6456
924
13200
474
3396
1550
10185
10810
2344
1845
10488
141
139
5595
7312
6645
11348
11839
4809
3967
4759
8203
9891
5207
4411
482
786
785
1092
1093
10736
9641
5391
8802
10187
12589
8092
13598
11425
789
5437
6113
8539
6668
7121
3361
4835
2194
2603
2861
3617
9792
9469
8750
7688
10817
6269
3497
8633
12418
4497
9057
5159
6330
2641
5008
1935
8443
9363
3153
4987
7971
2299
3718
3206
933
4557
2285
3014
3687
2953
3932
1690
2968
6541
2765
3219
3033
2754
2237
6206
8771
2672
13235
5124
4670
7055
1582
12543
1531
11734
9818
5497
10076
1927
11005
11911
6132
10518
11458
4257
7061
7987
11728
9120
8029
4720
3812
4600
6130
12055
9616
9097
9145
9056
8235
9309
8166
11436
7529
908
12853
907
11602
8854
13101
2269
1680
5312
342
5637
9934
11301
9278
8460
10464
2532
13308
12479
12634
10847
12778
551
5865
9085
12072
7190
1140
3066
12862
4563
12758
9576
311
8562
8101
550
7423
1114
1974
2222
6129
2827
2584
2891
6302
6081
1778
6804
980
5160
1397
3072
1574
5491
5019
2278
5294
3090
6455
869
4282
4802
10799
10003
7951
7889
11651
12560
11793
7572
2741
1684
711
713
714
710
712
7480
9574
5025
11740
2967
1573
7395
1222
12926
9567
5571
6259
11052
5596
2996
7598
10183
12145
9150
5419
8891
571
4249
11504
11462
12415
8148
775
776
555
1890
1892
4593
12198
6819
9002
9437
4114
8841
12593
2736
8611
6677
2331
11861
8687
8442
5540
11934
2435
10041
10276
4805
11240
13351
11239
12967
12968
7015
13204
10481
11251
13237
11236
295
1609
11252
13488
11639
1166
1167
8638
13498
13551
749
13287
7358
6672
4530
7555
8316
8904
3530
5485
7128
7052
6671
2714
2057
8160
7228
8053
7745
5895
11346
9344
9583
95
6234
9117
6603
10829
11874
12432
11453
11913
10222
1215
2499
1975
1989
1428
4356
3858
4960
10255
6169
404
11222
464
463
465
466
742
741
743
510
511
750
3231
1123
2367
3198
3332
1861
8367
508
507
509
11227
1380
1518
11922
1250
1379
1722
11596
13194
730
11917
1251
11428
13398
8643
748
9868
747
526
527
10550
4155
12249
457
7754
1738
451
454
751
729
9463
731
1604
1747
10441
740
736
735
338
337
1145
1753
744
11247
11248
2448
595
7967
4051
2087
9227
6905
6906
6083
3387
2205
6871
10999
1949
2097
4574
5137
6579
910
909
11604
11809
5613
4423
12081
12082
5697
6566
11372
694
6889
9855
5652
1836
413
10904
8526
5879
12959
4949
414
11430
5213
9324
5310
6338
8374
9130
2825
8099
10668
2946
12026
5372
5311
4552
9533
6110
6021
5079
1392
10636
9372
2702
5201
4499
8234
3890
7601
8920
12332
5152
7244
1866
1977
11049
7448
217
280
2567
11467
2133
2235
1934
2460
11626
512
1463
2110
2759
513
1273
2127
11102
1416
1548
1812
4052
10822
829
828
5203
2154
5626
7406
6150
12903
2813
5844
3792
8144
632
666
866
631
638
629
678
685
602
630
804
847
867
868
679
674
375
680
594
6797
4013
675
637
2868
603
376
801
788
805
10383
11931
2399
1646
11731
12734
12337
7810
12474
332
8362
3704
1165
9464
5172
10661
6348
5994
11962
9746
4611
7790
475
476
452
467
453
676
677
686
3018
4120
11915
1549
7212
7591
7442
9595
4647
7654
129
1278
542
1453
7342
3887
4727
9709
11828
5867
1266
1760
36
8301
5043
1785
8941
1517
6716
9346
5097
5961
611
12165
5727
6731
5601
8266
3779
3298
11520
11519
10334
2840
10252
3840
11980
13216
13076
3494
3353
8719
11421
10207
4450
10757
6739
11890
11891
11701
11704
10816
2929
10561
11918
9617
6544
4259
6141
11423
5
9748
391
3698
2795
2256
2856
2796
6499
3051
11561
6656
11787
4801
9607
10025
9606
9814
9689
7583
1986
11759
11606
11607
11782
9485
10224
8912
9942
11517
7378
2175
6159
8314
5607
7153
3762
6763
1328
9977
7789
2961
12024
2723
2327
1776
7241
10501
1775
10867
3369
4744
4566
6425
341
1612
9737
13291
659
3735
2928
7410
1124
8072
9212
11946
12872
13612
8637
10724
3343
8923
6649
8590
5891
5907
408
8319
7684
13582
11141
4709
6321
8765
8186
4315
9671
6427
1365
6372
10389
12704
7830
10624
3232
3201
3128
5308
8377
8341
8530
3189
8258
5682
1632
4079
5747
7874
2181
11981
3958
5646
2901
10045
8134
6850
608
12749
6511
11406
10652
964
7510
11833
6066
1375
3588
5457
2845
7959
4978
8299
2601
2949
3191
11525
2835
4225
7781
13356
8784
6442
8156
4146
12221
10438
8692
7147
10231
3575
11797
614
616
617
9645
11544
612
6264
4140
8323
9973
798
3333
1110
8947
1109
9928
791
13501
2525
6390
6929
8214
10019
7192
9781
6030
7613
270
34
1980
2650
9866
1995
10249
271
5127
10420
1868
5547
2948
2477
3221
12113
5365
2289
2864
2397
1877
1841
3095
2739
5347
10948
6961
6627
6224
5077
6789
5538
2589
6743
8102
2649
4383
5490
5789
4723
6310
2297
6252
4226
2743
5880
1881
6912
7082
9718
5364
5876
7086
7070
6154
1878
7141
4724
5353
2401
5335
5503
824
2023
6067
8394
845
12919
154
3878
3778
13615
11979
11317
7722
10660
9923
9522
2780
12498
11643
6990
11365
12455
8527
8620
6326
8585
3943
1790
5229
2305
10542
8773
13229
3870
4265
2372
770
1697
4246
5885
6077
3416
3585
7038
8899
5479
5480
6815
5563
6641
6847
6955
5345
5110
6848
8344
6828
9974
8819
5344
5109
445
8518
11381
4157
10114
3809
494
5999
6149
4732
11334
12343
9764
871
12153
11501
639
5590
1291
13238
10387
10569
2189
3867
1605
1059
6950
8644
11351
2692
1556
2528
9240
6769
6770
2935
2398
11983
8631
3694
9932
12990
1481
4840
13014
9787
8350
4661
6869
7946
7414
6424
10109
1677
6773
65
69
12921
2112
3028
2671
9714
2790
2144
4172
988
10354
600
8000
7314
7649
12025
5068
10532
8249
7263
8003
6279
4957
1950
11562
388
13492
12935
10459
9400
3703
441
6827
8520
6163
13061
3865
12425
9497
3486
2852
3810
3841
2452
3854
2135
11641
10975
9962
9887
6838
10065
2183
8541
9688
7741
10611
9091
10814
10980
10401
10470
3359
4738
12441
8437
2964
8783
12829
12835
12147
9947
8212
7311
1801
11278
13112
4951
5989
12605
12766
7122
970
12654
1969
5835
6968
4798
1440
1286
1282
2033
8896
12803
13248
7218
1032
1033
1036
1035
1034
2390
4995
13372
12949
12977
6991
10754
9728
6703
6927
6444
11591
10682
12508
4496
4921
6396
6796
5219
7035
6704
8805
9182
6940
2252
9883
11529
4615
8582
11574
803
2865
2685
2508
3641
3660
2786
6211
7262
6220
5342
6504
5784
9528
718
11685
538
4203
3287
1228
9613
9433
13437
9548
5679
6918
8890
12689
11619
5406
11382
3010
12501
6658
9736
5500
6523
4192
574
4189
226
11435
6258
5792
12515
1451
950
10593
1119
10117
6175
5017
11496
1822
255
4072
4845
6709
11255
2771
2625
4182
8691
7481
2537
4662
5877
1828
1825
1826
12788
5183
5862
10059
12325
3732
12297
12207
9734
6177
8455
6512
2870
4522
12686
3506
7208
3356
823
822
1844
1751
1879
1929
1886
1869
3621
2208
6276
3276
564
1568
2595
503
1887
558
773
1223
2037
3035
9191
2976
849
2105
2165
1515
2279
1501
10071
848
9819
628
1853
1360
2912
3337
2764
1464
2686
2173
2930
2164
5591
5779
4517
2927
9851
3174
2054
825
7986
12246
13185
721
2314
4467
12435
7489
1181
1182
1902
11404
11311
11310
3364
589
831
190
3259
4202
3615
4770
7347
8766
8478
6806
2143
8147
8740
13089
13062
10370
9004
9068
8796
11781
6306
7172
1682
5709
9349
11179
12120
2032
243
242
8112
8385
7451
10584
440
4844
1552
2280
4766
7148
8359
4263
2047
3134
2046
1101
2406
8282
3616
4710
6576
12805
9222
47
13601
7266
2871
518
136
137
8878
12495
8513
2067
4219
3058
11475
2823
3571
7886
9917
5020
10302
11447
2867
6662
7997
7532
8572
5042
8458
4244
7533
3672
7996
5067
9733
7647
4854
5095
8476
6979
4081
7461
8617
5476
9019
4184
1503
1438
356
6410
7867
7962
2951
6619
4830
10070
5202
1195
1196
11196
3187
12899
969
6676
13297
4286
1072
7204
7203
3610
3026
8954
11484
12723
9377
11364
4780
11952
4128
2338
11350
4447
10939
10242
12600
189
6802
11177
11959
9178
13240
9257
10316
9542
11965
12518
7548
11494
4443
4029
7432
4425
6350
8158
9610
6221
8960
5916
2250
11885
10721
9355
6575
12203
13403
2657
7036
7427
4320
4640
9005
10372
688
3415
12660
12974
5808
11375
7185
6803
920
5890
5280
5176
3650
3553
8757
2614
7674
6458
132
1172
7561
6004
4831
2652
11919
6254
2635
1041
7777
1040
10738
5807
1089
1088
5651
5695
4275
10512
3061
11640
2150
3463
877
10809
11618
11791
4145
4208
11645
11876
2936
2409
4152
876
11017
5116
8430
203
3917
3714
9588
6973
6777
7328
6334
9885
6830
10479
8334
9302
12283
8815
10092
2096
8254
3434
6546
4650
5206
6818
6048
8830
12348
10338
11035
3383
9556
9621
7508
12309
11844
6307
5534
7023
10903
8303
33
6088
6106
8504
2914
12361
4204
2129
3242
3366
3786
11083
9614
8001
9369
10124
11223
3996
8884
7279
12191
10711
5802
9953
8497
3546
12121
12353
12122
12364
3883
3001
10517
10853
7433
10313
3730
6097
9697
8311
3819
3791
12292
3405
3644
12123
12070
11011
8669
12124
12125
5623
10663
8987
11226
9197
8732
7440
8174
11018
2561
3226
6953
12363
12126
3618
4256
7921
4041
9102
3107
5413
6594
12127
3435
9711
9193
6995
10508
6250
3475
4807
2645
2253
6686
2276
5621
5290
9668
8542
3466
7096
1170
1171
4631
9648
6897
9774
10150
11764
6572
1732
3490
8741
2676
5054
1621
8603
3239
181
9719
6679
6096
1842
4894
4170
11459
4245
5204
5144
10460
5568
636
12076
2313
12260
9636
10852
8153
9730
12690
4608
2034
5638
329
10761
330
7091
315
8546
9662
327
316
13193
317
4519
5296
10038
1678
6963
3936
8653
10841
6962
7059
9458
8640
11398
8165
10028
11769
7755
2691
1446
12528
11465
3081
11995
11777
5488
12785
3807
58
11405
5031
7581
8745
10023
2233
3000
6430
1405
7970
7206
1211
3590
9247
4180
8320
4730
6543
9127
6510
3447
8425
6343
218
4898
10672
2441
2088
6108
9578
10455
11105
7766
11736
10528
6911
9198
9315
2395
4947
9835
5561
6107
4547
9143
12402
3378
3067
4012
8762
8844
4347
2554
3040
10227
9609
9063
11737
8225
4197
3676
6434
10234
8872
8018
7947
9582
1430
1294
8646
3674
6219
5371
6766
6293
3570
5150
8975
6195
2221
1602
6285
9911
9931
10792
3561
10088
3569
7992
3708
10592
6634
9172
9549
9550
4043
9486
7775
4876
6428
4311
5927
12199
10262
5253
5832
12298
5197
1052
4342
13015
9864
12233
9867
8361
11681
8024
12048
11907
10367
7458
7256
4817
3114
3918
5702
12372
11753
8690
9769
12612
2497
3879
8751
7169
8291
6101
11746
9926
5448
35
5139
478
479
6233
7257
5449
5180
5450
5038
198
197
12843
1353
1354
5600
772
1417
4886
8113
4748
1666
8426
882
1213
1745
1787
3482
3678
8943
967
1411
2819
487
3994
3995
7401
1085
8264
1498
5848
1306
3227
4828
111
6392
12330
12652
12651
4413
8516
13084
6087
3165
9793
5696
2882
2375
9529
8149
8754
2648
5164
2562
7606
4979
6951
12572
8280
8828
10155
4030
4540
10798
11055
12137
9722
3937
6388
9752
7863
13603
12698
4154
2647
9259
9353
10857
10318
9029
3129
5259
6674
3667
7906
458
461
459
460
6843
726
858
861
1640
2965
6721
8414
10366
7322
9844
3133
3303
6756
10643
5501
6667
7339
1772
9236
13144
12658
7749
6028
7156
13167
9735
11111
2168
12858
11676
2638
9427
11732
8318
8337
11030
5971
1373
1045
1637
1005
1502
1220
10838
1465
2917
3309
8365
1611
9274
11168
9562
7884
6792
219
566
782
1976
1094
2056
5743
9611
2947
9863
1942
1919
1918
6292
2942
3956
215
216
5826
8812
8028
7043
12966
2820
4591
11369
3159
4334
3863
3509
8419
1351
6382
10106
9425
7697
590
9125
2588
9181
3336
9906
7780
4484
10393
6904
11868
1595
6474
180
13123
10770
2292
11682
5817
11321
1752
11142
4643
108
2785
2113
2101
355
13572
13016
830
11880
10563
252
251
3942
3813
9879
4357
5513
1736
4881
9539
12590
2831
4113
4119
2766
7083
12473
12029
7733
4068
147
10321
6483
10896
2774
1382
13525
9267
9516
3604
5659
6547
4218
2191
6836
4097
2633
7793
13021
11948
1792
3816
10874
6190
2469
7700
4109
934
2
7025
1232
6706
4316
506
515
1260
10427
2272
2569
12228
2255
3722
3064
13361
8760
8749
12505
12208
5319
13017
11661
5375
10605
4904
9831
4905
607
4176
10821
3077
3614
4930
2830
11804
6794
8173
13618
11224
2973
7370
10777
10566
10044
11859
10625
3092
1547
4760
5395
1159
1158
2063
7929
8444
1542
1807
7439
10982
4358
7002
9484
7392
1212
2834
2334
7588
6522
4156
4318
9672
4367
3370
7900
1002
5900
1295
1514
1499
7017
6411
8747
13339
7570
846
961
9608
5024
2198
1773
7521
6571
1953
2238
11010
9154
7907
10240
1493
8205
3023
635
13493
7943
12376
4242
5741
13018
834
450
9705
6362
3664
10818
7934
8897
9570
10794
1254
448
9937
9938
2746
8523
10955
5776
6596
10325
3317
2987
8893
2282
7058
13201
6609
12356
2628
3602
8378
11053
12201
13157
11566
4927
6462
3914
2418
384
3612
3146
4003
1945
4101
2389
9422
2379
3154
1914
10304
9030
5069
4531
8016
2791
5886
7253
7812
3976
3846
3257
5058
7927
3319
10307
6591
12608
6003
6592
6738
9087
9740
9251
3155
10204
8141
6365
5009
6357
8086
4603
5444
5521
4262
2575
8069
9023
2114
9646
12715
5278
3966
9264
3611
1948
10749
13305
12821
11943
1467
12036
8464
9958
2571
9220
11768
10444
2516
7276
4428
4168
4331
9284
4437
2066
7596
10287
13184
13190
11130
9873
13140
13600
7773
12830
8795
9465
6975
12375
10585
8824
8298
1100
9158
5514
4291
7691
3144
13258
6780
6816
5135
4782
8517
10126
10198
5997
11624
10972
1679
1155
12422
3492
352
11305
1138
4165
10435
6406
2883
12594
12465
11003
3340
12950
4452
6652
12760
431
430
7779
11479
11854
10215
13454
5255
5570
9242
11829
10049
12786
9342
10989
7623
12846
12863
12730
5738
7158
5739
2711
6740
5333
2916
2346
2874
9491
2772
5894
2966
2574
4141
2211
7056
1395
3888
2182
767
11988
5232
9935
9490
11910
1044
8468
272
2578
4538
6328
4028
6225
6089
971
972
11084
7380
11126
5217
12393
2040
13019
12058
11486
11483
10735
2505
8556
8827
8090
10607
11489
15
2857
3104
9592
1288
12185
6047
913
10172
1462
8594
8283
7292
11497
11072
12043
596
598
1560
12287
7400
2969
5573
1270
6265
881
11190
1894
5100
5129
6131
7497
12095
4735
3163
1125
2908
2970
5618
2146
5007
3094
3323
240
241
13611
13207
9046
9270
11219
13224
77
3586
4062
3770
3574
3997
3439
12248
9394
9007
6447
6091
121
3327
9843
13479
10773
11281
4776
10949
640
9289
12790
6699
10677
11762
2163
7051
3758
7293
12205
1510
4671
4850
3557
9025
12769
11773
10497
9856
13186
9146
1813
7499
3862
11595
2598
2085
12316
12182
10398
12943
10445
7544
672
673
1429
1495
819
818
1186
1187
7936
2818
3177
5334
7988
2668
2934
9569
8743
5887
5689
4010
4129
4667
1191
11937
1284
670
1192
6910
2892
2808
13082
12964
8545
10332
10959
12288
350
8135
3363
2998
9195
1565
335
11772
5107
1724
2727
2512
4500
1599
5494
8809
1335
9131
10704
7474
4181
11016
9042
11200
7425
6503
1161
1160
6786
4779
9721
5937
5040
2920
9922
10326
6408
3099
6024
8474
6366
2031
4303
1296
7194
8002
8922
3623
7575
997
998
996
2470
3078
2531
3500
8981
7064
12770
4656
2587
1292
10381
4601
13002
10760
2243
990
989
2196
12338
9982
11559
3130
3185
9359
7645
7642
1149
3519
3321
2363
6478
8357
2611
9637
2924
6684
12720
3489
11068
153
4926
3278
2822
9661
8251
9089
11942
584
13096
4721
3170
3441
10013
3313
9199
11556
1965
8068
8189
4435
13262
1208
1393
1492
1797
4301
4387
106
8461
11294
12852
11598
1079
1081
11295
11001
10951
1078
12148
1080
11987
8700
2445
4444
9305
7174
12443
12822
1077
9044
7885
7582
9364
1860
984
20
318
320
323
21
319
321
983
322
10446
9725
9015
3545
3462
140
942
6041
1031
1700
1699
8122
5946
1703
1706
1011
11299
9414
9587
8441
1863
11548
13110
8109
3805
3541
4594
10499
6821
1946
8192
4861
10031
4860
9897
4332
11989
2427
4761
1047
1864
4537
1126
4365
3680
5351
3656
3864
8423
8014
12969
11069
11521
8305
10458
2257
4216
11757
2170
11707
11719
127
11124
347
348
9436
5156
1470
9633
6582
8538
12902
9373
1847
695
1227
10631
10730
1402
1865
4378
1624
6565
326
324
4321
2304
9846
4715
6884
10556
343
387
6778
4688
12937
425
124
125
2579
4454
6001
2159
7758
3665
5149
3768
12494
8955
6126
9665
4717
6078
6551
10700
2316
4412
1876
11502
11524
9223
9069
11958
1008
8088
10447
1018
1012
96
11280
13322
10160
7186
1390
7964
8387
10210
4505
977
978
10780
131
7175
11770
4626
5459
25
9594
3166
9452
3626
2209
4708
10679
12938
10647
6443
6439
3217
4441
11841
11795
12017
12355
3693
10415
8274
6506
8686
4836
4206
7916
3429
7955
5706
5536
5537
7329
7330
228
6557
7116
5032
11870
12084
6730
2029
2052
2041
1984
2241
6597
11170
2881
2095
6391
2050
11225
6599
13597
8381
4188
2051
10627
6670
5569
4906
1173
1174
4123
4122
7125
1175
6902
297
6468
5957
7163
12263
6879
6923
974
973
11551
13417
7771
7770
5041
6438
1184
6708
4533
4602
3989
2599
3979
5925
150
151
8583
5800
10832
1603
960
991
177
8422
12384
3148
7881
13020
3329
11663
9161
10451
10615
699
1896
4195
4541
5520
3720
7871
4090
697
9049
6133
11999
6071
609
1911
727
5254
3524
11950
7093
1755
1435
1086
8295
1434
9847
2064
6520
2012
2769
6539
12321
13578
1087
3736
7441
11729
4858
11528
12989
5940
9124
10895
8536
6332
3935
11673
3379
1194
4002
1193
9406
1928
8459
9379
10189
11662
1313
7673
7277
8393
6353
3330
5374
2128
4811
258
257
54
10911
53
8389
10016
12503
6093
1720
4025
3911
4266
9943
10850
12310
10359
12548
7284
1561
8808
12234
135
5303
2661
5716
4908
4118
6872
1800
8009
5489
3417
8013
548
10933
12578
12535
13151
11422
7706
10886
3505
7280
2073
7543
6517
10329
6640
6639
2378
3987
4016
4716
2071
3834
11984
4344
11210
9674
1857
1933
1932
7287
965
1471
2615
1955
7677
1880
1218
246
1271
1707
11256
3237
1544
3685
6855
807
3156
7941
3589
1334
760
10926
9521
1796
11268
940
2451
7843
7013
11279
4312
536
537
13007
8829
9340
5609
1577
3712
11810
4576
3192
5037
2873
4859
10154
8124
8493
3468
10795
4451
3274
11901
2950
3748
3288
3992
5509
11288
12486
2527
10212
752
6985
717
9443
7324
9880
1084
4401
6698
8595
12579
12906
12580
12905
12904
13239
6776
6809
2776
6883
1538
4270
3009
6000
2655
4961
4697
7690
6160
6161
7071
1981
6449
4788
6518
6111
1983
1978
2028
4713
2126
3525
2000
4714
2960
2001
2006
5249
2043
2007
1895
6550
2002
2027
6469
5175
4475
7995
3609
9139
5603
7675
7676
2731
7364
11776
3970
357
10258
2247
2147
5332
4239
380
1633
10834
10170
11182
88
11766
3882
3881
7597
11790
9298
4564
6419
7604
10498
3538
6614
10826
11300
11464
10292
11585
8720
11838
5195
11266
11429
1118
455
658
6335
5148
6986
5533
1308
5786
663
336
1661
325
5578
1704
1269
1401
769
1884
1658
3527
7478
334
2362
5101
3930
1015
11692
9371
3598
3817
4931
7708
3477
6257
10396
5409
1854
966
7178
4483
5428
588
2263
2677
10729
3592
3931
2724
3121
12128
462
4132
2069
23
358
3020
4112
2632
9975
4561
4562
8195
9965
7545
11087
5722
6393
12848
10823
8020
5869
10139
1073
1074
7333
1389
8867
7564
5962
1388
8534
2617
4977
5451
11852
9050
4100
5237
3869
6580
7527
8204
8768
8859
3925
5455
7803
3139
4903
10365
10080
7849
8744
5977
9494
5518
9374
11837
8243
6602
11487
11725
8818
446
447
5275
12407
12687
2748
10753
8307
7975
2396
1873
7249
6340
4743
8220
3658
7554
5763
6867
4464
8065
9692
1625
2533
1805
1364
1474
7938
3240
222
2482
13050
2890
6404
32
61
3245
250
55
5271
914
5453
5972
7513
11627
4186
13340
11630
668
1134
6281
5415
2118
1856
1855
903
904
1871
6461
2449
367
372
365
1727
3311
4571
2145
7394
7622
1385
1151
11500
1642
2842
7641
9411
4115
7008
12510
1281
5612
4107
6261
13445
9555
7887
9543
957
959
955
2273
12851
952
11935
11756
10720
12499
1996
7694
5930
8313
291
290
1650
1643
4039
7695
3542
12883
2971
7403
4997
10410
1570
2762
4139
7144
4560
879
1606
11137
2697
7152
3919
1610
1893
3796
5015
2817
4700
4046
5059
12304
4241
4489
8689
8272
3196
3103
10929
2767
2913
6104
4607
3063
2675
2636
2382
11277
8991
9457
471
12271
3772
4327
1057
11099
2307
2591
7516
12347
10865
227
3347
3046
7113
9925
5302
13165
8185
9429
9196
13150
7595
8348
10100
2590
11229
8535
7384
5814
7919
4508
10180
5610
11393
4900
11394
1095
220
567
944
11424
634
10072
3349
9820
1837
3204
7373
2310
3753
11751
4523
12261
3620
225
8601
9096
11488
13434
10762
4690
6251
3912
3507
9552
2042
6942
4528
6116
7135
10230
1144
13038
1314
10194
126
9822
13561
12696
9297
6275
3833
7833
10363
11826
2296
1839
5711
11302
7726
6256
3449
6811
2623
6781
3977
9811
3296
12213
8619
8918
11947
10893
6735
6570
6660
12907
2116
5519
10693
1598
2176
9803
8022
6751
3053
2816
11217
3125
2876
8566
5701
3928
4964
8564
8418
5766
11356
1341
4543
8142
12928
10335
1553
11323
1874
1831
4460
10769
11140
274
1381
275
3662
3250
12243
3521
6158
4659
5576
5577
11575
13485
10687
12301
12303
12302
6515
11373
6753
10322
2026
87
5238
10171
3556
1139
10214
7470
2855
13580
7120
1754
7224
7565
6322
4299
915
8383
10397
6260
9000
7940
6890
2076
862
4153
5401
7356
4463
2048
2402
7681
6616
1764
863
4144
9163
2380
9376
3022
6525
1065
6970
1066
13031
3193
10557
832
1021
836
9698
1733
3591
5136
2025
3843
1972
1551
2125
7520
5653
11274
10937
3478
1368
1367
7818
11245
9889
6988
9481
7362
10235
8133
3246
6860
6600
6529
5550
3483
11109
3740
3739
2540
2236
2728
3927
3322
3873
2695
2098
2291
12023
2349
3986
3518
3653
8462
3601
3073
2104
4138
2149
2017
2106
3520
4005
6136
3669
9624
7551
8202
8201
2267
11085
10583
12015
2018
3880
4149
1988
3182
3773
2659
2015
4986
3856
3021
3688
2442
3162
5622
9857
5090
5852
9033
7774
6395
7753
6620
3529
2004
3908
1987
3440
3699
2300
2952
4877
3190
4007
3253
2217
4014
3093
2287
7718
3866
3954
8184
7255
6896
2130
2543
3087
4177
3413
1834
1835
3210
3151
2055
6183
1735
3727
2321
3003
1622
3039
8885
3949
2522
2119
2523
7644
3304
11265
10068
5403
8799
93
11191
2992
5818
10589
2688
12547
2784
10104
9530
7346
1156
2616
5918
9105
10142
3301
599
8209
3164
12192
3705
4466
5938
5464
4795
6746
5021
11944
7177
9676
6215
3205
3255
8647
168
5881
179
184
2566
6162
1482
1456
8429
7304
7652
9888
956
958
954
1566
11820
2354
5432
8997
5338
345
9360
3243
7471
9405
3275
8082
2203
541
540
4031
12444
4490
10436
9654
4879
11633
10147
11522
4863
626
1564
3963
10570
12160
949
11454
2712
4063
10725
2231
11195
1827
4281
8708
3273
10190
8714
3851
5641
9041
2386
2302
9655
4572
4573
927
6370
1022
7285
314
328
12679
8506
3105
9418
7353
7747
10993
5385
8486
7638
8310
9128
9586
11845
12857
5544
13023
8528
8949
9902
7935
10685
3173
3059
10998
3603
11510
11993
8428
10323
11358
9474
5036
3389
11765
7317
10141
10695
7972
10956
7820
9453
92
6405
7171
12500
13
4162
11904
7227
3488
5549
8248
1448
1318
9580
1234
1007
2553
12551
2360
1190
9625
2726
12955
10916
1189
10675
7003
7872
12706
9008
6967
1108
10705
2021
4448
378
9660
6369
4820
10159
8287
2065
6903
4878
1107
9387
2219
6689
2943
7685
8325
5522
11824
6886
8907
8345
13056
6542
7243
11101
10521
3149
2608
3692
4302
11241
7880
11860
11613
1014
11822
1016
11507
8825
10021
11523
1019
10315
2656
3600
5260
8276
9408
9821
7586
3143
8510
7134
10466
4059
3212
11162
2430
11812
7296
12434
11888
173
11696
2436
11455
2413
11656
11202
3814
3169
897
10450
7160
346
840
6318
5827
7320
12550
1452
3780
8515
4158
10500
4868
938
13298
11218
7670
7118
9250
1799
2062
5166
3951
2207
2461
2586
5752
9329
9541
4373
123
3476
6598
1960
10009
6727
13554
5742
3082
4011
11610
7130
3607
4159
2730
7796
4279
10148
11024
5708
9782
5529
10489
2454
11263
9045
7371
4339
4740
12688
12236
8155
11689
3385
1409
1408
4554
4274
1567
1669
2424
9024
7315
6733
1406
1849
3576
5121
1407
3637
9551
3083
7914
2696
1670
11543
1425
1952
1613
9712
6058
2896
2956
8388
8600
11873
3806
9564
3030
3244
2814
11847
10967
10454
6745
4065
3019
2187
6387
11897
7435
1794
3558
10275
9527
605
488
606
554
1530
5836
9034
8798
6098
8759
2099
6771
9319
10051
9838
11817
6360
6696
8366
1649
1665
1509
1590
1830
886
1645
1668
3696
8882
7326
8058
4622
8063
11851
8976
11390
8672
8693
8505
7367
10568
1043
7472
12753
1042
6873
5397
11691
10887
10211
4597
10702
12957
5252
9627
8652
9077
11767
10936
6615
8074
3636
13450
2080
3820
12794
12603
5647
10463
12721
9106
10879
12703
10208
11215
3341
8098
1761
2270
2475
5331
12088
11047
11635
9287
4614
12349
11698
6380
5092
11125
13027
7727
10428
7491
10476
10475
8962
4896
11578
12491
4648
6226
9801
9802
5047
6494
6037
9243
4983
7209
8820
7714
5864
12859
11622
7019
2542
5416
8698
13333
8781
6139
10992
5581
992
701
6223
8471
12940
5089
6189
5691
5297
13452
9979
8956
12941
8191
3913
11789
9276
9053
10546
1371
11154
11533
706
704
705
707
700
702
703
7901
8390
11059
2058
11700
5943
11671
11379
13500
10901
13074
8241
4637
902
833
13143
13604
10522
11146
6295
7421
9903
2985
5445
6664
7217
183
715
185
182
1347
1455
86
1352
3832
9098
2895
1243
745
39
10866
5305
1437
2005
2011
4527
2884
2136
1444
3075
10267
6398
2606
3404
5669
6659
2265
8181
4111
1558
8926
10223
5858
3512
3511
7207
1263
8866
6527
5073
1994
9498
12397
7895
10000
10621
2954
3776
857
856
6273
7323
7859
2545
2342
12068
6099
4297
8221
7112
9715
5463
11243
5462
10090
6304
2906
808
806
2324
1746
6085
1910
2131
5298
3584
7363
3118
3007
3635
4037
4799
4821
2613
1882
2341
6144
3964
6143
3215
1516
5778
9211
9173
3004
4427
1802
472
1241
7111
5730
3260
4255
1242
3025
7804
2903
6450
1907
7316
1908
4215
7998
2195
6203
8487
1748
1741
665
2425
3249
3829
9816
6464
7763
2323
4300
2228
10698
810
1951
1338
13527
1413
1961
5926
3438
3902
5565
7349
1750
6114
7840
1936
1427
916
9095
921
5849
8950
12962
10027
5947
8748
7473
4185
11632
9745
1376
2576
6981
5313
1500
5384
11371
1497
4610
12581
8967
10590
8993
7404
3725
1311
7698
7238
1730
6181
10035
1322
3993
9368
8447
9644
11878
13453
613
615
618
6032
11342
9375
13111
3938
7379
8917
10782
11385
9571
1285
6516
6747
6476
7908
10678
13443
9970
1904
1905
12546
4272
13573
2826
13577
4023
6590
11354
2481
495
3744
2687
3178
9994
3213
1475
4777
7027
10973
3167
10056
7985
5551
9531
5834
2905
502
8855
22
2391
10525
8560
10345
8332
2169
3306
1346
8076
6283
8324
6552
4174
10046
5277
2919
9558
11684
8415
3248
3629
2894
1039
1038
8937
7053
1067
1068
5699
2989
2215
2232
5841
6453
4355
2910
6007
3005
3382
2419
2271
2478
9898
4136
4514
2815
4686
9295
6342
6235
11553
10921
6762
8591
7261
2944
5198
2572
142
4196
6898
9079
1688
6584
3294
12034
12035
4417
4981
3147
7984
8654
9503
10268
9739
11818
12866
11954
11324
6687
12478
9956
11086
12446
12793
12854
11815
11814
10618
9632
2549
10197
7270
6585
12003
894
5029
893
1705
664
5656
6752
5668
7407
11006
339
1592
340
528
1539
1734
1461
10712
2206
8931
5525
100
6173
4398
0
9072
3110
12427
1940
6294
3393
7016
1023
11401
1636
3742
3784
1217
1024
4638
2308
5425
4753
4363
3432
4800
6166
5368
9348
7426
5982
2751
1923
3548
9194
6495
6655
5162
6695
9393
5211
6459
859
9413
3741
5389
4684
6148
6247
6722
758
4746
4826
4424
377
5484
6138
7251
4473
1111
3281
1097
8023
3280
4827
11284
4595
872
873
10620
8604
383
4078
9183
7599
5806
4117
2975
8626
11262
10987
41
46
233
9449
5228
5000
143
6775
11232
191
192
3594
11997
10820
7246
6008
6972
5644
6497
928
11193
11928
1767
12006
6628
5155
3875
7716
6814
10701
9874
13046
7704
4846
10906
9308
1639
6755
5888
11419
11420
11128
3465
3258
6242
4313
7447
7391
7637
5169
7490
4121
8722
5102
5745
8614
7742
4816
3689
12873
6415
13304
5506
7101
7628
10558
6437
9631
11283
3924
6451
5492
6109
9466
10863
5548
885
774
1723
428
1442
8346
1307
4048
427
429
11573
11996
5934
8222
4240
4486
8609
6971
8347
8673
2068
10094
5719
8958
6632
8288
4737
9157
11940
10836
9391
9601
6240
7870
10537
9670
5713
3975
9909
4049
4741
10505
8489
7104
1990
3884
2673
6825
199
6605
2972
3284
12129
401
399
400
8764
5412
9717
12742
10237
210
9505
5161
7046
8116
9930
6832
8676
13042
3141
3320
9306
4841
4106
7746
5085
7678
642
1431
3498
1321
3599
12028
7626
4550
6563
2384
11953
2204
8715
2789
13039
7032
3800
5018
8469
2777
6188
3729
3180
4053
9245
7928
4621
3998
7821
9226
4948
1293
1743
1261
1404
1236
10784
7930
2083
2225
5376
6345
6688
9258
917
5192
7696
3179
3168
13135
11180
5821
12522
3360
79
81
82
83
737
2680
3959
9156
690
2394
8597
8577
12130
7926
1357
1436
3769
1528
7650
3504
12159
2931
9702
9704
12617
11073
310
3659
161
159
4641
5735
9618
296
186
188
4362
6446
4812
11150
2684
3564
11308
2404
2974
308
11374
166
802
1788
3002
1931
11440
288
820
1369
1233
1793
10981
10163
8379
5436
8253
3526
9115
7639
4214
3131
6134
6029
10112
11347
11779
12942
7350
8067
4280
2850
12164
5791
3839
9795
2517
2581
1900
5698
8216
7869
8875
5224
2981
3513
9407
1489
2563
11114
10353
2733
51
1063
9333
1060
9265
10091
10221
5358
9218
6305
3188
1062
1061
1064
4757
875
878
11482
5381
52
3921
1312
11805
725
1025
9680
4288
13095
985
3207
13495
13001
1096
1541
2465
5674
9622
7080
7434
11582
13242
1010
8175
469
2437
468
1488
539
2866
3119
2186
5582
7281
12333
7549
8373
12529
6268
5427
442
443
10608
11112
8919
2515
7223
2137
7337
13071
5292
6095
5226
9177
5114
6400
7619
13075
7800
6344
10603
6480
6060
5562
7873
11723
5044
5634
1769
13160
9109
11408
3745
9540
8289
4503
7709
2328
3631
11445
209
3984
211
6535
212
214
1320
213
1580
5906
1820
2383
765
777
3845
649
208
762
9504
652
650
6965
655
1303
1581
1819
3861
766
3580
653
648
651
654
656
3102
1885
1998
1858
1356
4694
4087
6142
9830
4932
8584
8131
8130
6323
9354
12085
4786
407
5002
8309
10900
4410
3481
8179
3761
6488
968
10807
6925
5707
1366
7535
5787
8684
9480
6562
9876
5632
10751
7827
9479
2577
9908
935
11159
936
937
4855
7179
5199
1361
3798
7325
11609
13565
3754
4371
89
98
922
5177
104
3224
4108
1445
169
7682
3290
6356
12802
12912
2174
10358
3088
10443
3771
3988
2904
2332
11862
6957
7465
7797
5165
8322
2862
11615
11617
2426
146
2720
3517
1979
1559
1262
761
5512
7386
1811
279
2020
3980
6556
11414
6243
9122
6661
10694
8910
5221
10971
4064
5935
12229
1410
5461
4943
9967
7566
1660
7168
7794
13543
489
490
6761
12860
8746
6140
7226
102
6724
7686
2024
4985
7142
8507
12140
2909
11207
4445
3502
6176
2227
2493
229
865
1523
7193
5060
7845
2045
1906
4446
7822
3716
12882
3138
9201
5266
7963
2600
4453
11400
2750
1756
5399
5360
12502
4620
7416
6958
2715
5291
4729
4190
8555
2138
1141
6532
1075
1076
12206
12354
6019
4009
3086
1
5033
8363
2022
11512
11199
11986
11336
10676
13164
11015
11450
11449
10619
10282
1468
1265
90
91
5511
7004
11679
6930
5006
4438
368
1816
13129
11568
301
5893
300
10407
5965
7844
11033
7605
7801
12516
7077
8864
12300
5931
4511
1116
6891
9083
3421
9773
10931
5046
6255
11485
2453
1301
2775
2922
1671
2761
2115
1657
8336
1355
6801
6578
8121
3070
8286
10613
12078
13269
1350
10932
11273
10984
6309
7723
12230
2184
6564
5566
7902
10456
2621
12197
6750
4105
4803
178
5299
10637
11292
1662
757
4630
11014
353
4606
5094
12553
8395
3868
354
8292
8593
6191
2422
11930
294
12227
10944
11933
2123
485
4963
10574
3412
3423
2490
6263
12345
625
1053
10934
4060
7514
231
5799
12554
3262
3755
4476
2086
2239
8924
5657
221
9955
1210
7750
1469
3597
3747
4813
1054
5553
40
5978
8650
6274
2925
230
860
43
10842
3394
278
42
4298
4349
11027
6691
6074
2245
4338
10833
8935
5005
3282
8842
5370
6421
2653
4429
5505
8140
5898
8125
7355
2846
2356
6018
6286
5729
4612
2832
8727
3717
8015
12725
11644
11468
11738
7569
11443
887
5469
7522
8364
11634
7839
8052
8699
8706
5870
7049
6465
5871
7621
8683
6466
13303
8963
10918
7468
7396
4944
5483
6179
11631
7720
12633
3157
2483
10881
2955
7851
1667
10909
9651
1554
11669
4972
10098
256
7155
12992
3310
9590
4823
3533
4909
9304
5919
5559
7020
9667
11589
10099
6200
9213
5222
12314
12291
9054
7030
2799
8405
5423
7653
9767
10549
5825
7381
10978
3074
2290
1348
5383
5686
5382
2915
224
5831
2038
3042
4992
13137
12016
13136
8880
8790
2035
9338
3775
7089
6835
11366
12002
6799
10511
12011
7151
3194
12012
8492
12312
10229
4173
4546
1520
6341
809
8718
10924
8576
3668
7199
2734
8354
3251
3233
6626
7574
4252
3197
5748
2849
10897
6033
4348
4745
1120
4092
4705
5117
498
8734
5676
12
3871
5493
4925
9681
1654
10270
738
1694
1672
4768
4304
9993
2456
1209
888
10134
3399
2809
4160
1909
1457
1420
1441
4599
11914
2679
5171
7883
5649
7236
3501
5980
1627
5606
9813
10860
3941
10005
7114
6840
945
5056
3965
11181
8451
11697
5363
6367
7250
6331
6980
4952
4865
4838
6034
6368
4231
2074
12662
9013
4887
3089
2223
11022
1915
8817
6595
8038
4633
2350
5771
3764
5564
4070
9009
5138
11846
10437
6228
898
11395
12592
532
4793
9081
12257
1664
5856
8312
2103
8862
6983
10271
5244
10697
10278
1164
2161
4775
3375
10533
4083
12141
3342
9133
8989
3836
2264
1117
1071
3572
223
2682
2986
7757
12021
941
12004
4408
10291
10502
2345
8472
5154
11956
11717
9791
1641
5170
11187
9991
2681
2495
6015
4524
9219
10876
11389
1956
12868
6998
13513
1958
4166
1964
1332
1968
1240
11761
11703
1970
8938
7482
918
3013
1415
4699
10638
2853
160
1525
3581
1026
3893
2158
5942
7466
8261
799
263
6090
10560
6115
919
1726
1912
8197
7143
5783
5874
12488
64
4970
56
68
67
66
6184
4098
12403
3414
80
6373
520
2122
12161
162
1629
5429
8887
4762
5241
5710
4596
9518
5650
10492
9020
7974
889
12526
12329
2833
821
552
1898
1608
1630
669
1249
6440
10639
1638
5279
4228
5151
2249
1272
6296
6593
8036
5268
11932
3910
2710
9775
2722
10196
5013
4624
2630
12293
4296
8111
12622
9467
1920
10548
4353
1137
7310
8816
6754
10165
2583
3648
5773
13590
10143
7268
170
8823
2094
1947
3811
3808
10899
1916
8120
3012
4701
10434
10384
13584
7732
9171
5749
9860
5750
5190
3112
7308
1768
1784
8969
3208
3238
2660
7500
11075
13328
4295
13300
6800
9476
5628
9862
8499
8064
5078
7119
10022
6050
7713
10486
12476
9753
8047
8159
4217
6072
8182
7069
7898
7994
12059
11039
6863
9419
4665
9927
7321
11649
13401
4971
7115
13412
12922
11982
7547
13458
8278
12049
13459
12051
4495
6536
13047
12157
5049
7010
4758
8230
13423
12218
9615
6798
4789
6347
5355
12483
12816
10764
13279
9058
12365
9501
8456
12485
3681
8782
13171
13463
5687
9589
13344
12156
12369
2234
6636
4945
8409
1142
5442
11774
7892
12538
7408
9872
11472
13400
13041
9561
11863
9039
11367
115
6475
8656
5321
7577
9482
13528
5264
10588
99
5262
6758
12763
10243
13546
2336
7961
5842
5081
10484
11108
12133
12824
5048
12050
7802
12317
4734
6389
10007
7966
10404
12540
6471
8481
7989
8265
10244
5967
5200
10907
5524
9074
4609
11166
12077
13301
12066
9445
4967
13048
13249
6637
9770
13586
5039
10411
8105
12065
6376
8780
12916
12915
3749
12155
4668
12368
13583
10633
12370
5189
12815
11158
7133
6864
12917
7541
8933
12149
12315
7288
9006
9783
10520
2781
13049
4485
12875
3479
12584
12367
7983
10635
2700
7542
9294
9286
4698
13292
8806
10578
9367
8198
5785
9093
5829
10977
8664
12409
13574
10504
13539
2670
11905
5684
9828
8162
9444
9249
10477
12570
13484
7352
12374
4589
11183
6174
10347
12090
12061
12373
10772
9877
7102
13346
13429
11328
10827
5388
13380
13349
5131
6084
4592
12573
12571
10699
6164
4649
5418
8498
5230
9108
13457
5504
10352
4907
7909
12482
12052
13202
6463
6760
12038
8914
10965
10266
11658
1852
890
5744
5666
5837
8925
6629
4088
7614
6524
6317
